#MaxRadius:0.89956	MaxHeight:62.56	MaxLength:78.2
2634
0.82066	0.81996	0.82092
0.71105	2.3404	0.70498
0.58482	3.627	0.58453
0.70603	4.9093	0.69844
0.71989	6.3768	0.71988
0.85492	7.997	0.84736
0.6504	9.4793	0.64962
0.66416	10.784	0.662
0.6539	12.094	0.65377
0.74991	13.486	0.74401
0.72522	14.952	0.72383
0.66598	16.332	0.66558
0.64562	17.634	0.67291
0.82028	19.083	0.81279
0.62088	20.505	0.619
0.82768	21.932	0.82035
0.55905	23.292	0.55852
0.81031	24.637	0.8111
0.77403	26.219	0.76962
0.8312	27.82	0.82789
0.72283	29.363	0.72238
0.7577	30.837	0.75653
0.65987	32.243	0.6554
0.77829	33.666	0.77023
0.70711	35.145	0.70657
0.62502	36.537	0.62343
0.6228	37.784	0.62079
0.79643	39.19	0.79493
0.82034	40.804	0.81653
0.72097	42.337	0.71819
0.71378	43.767	0.70774
0.63893	45.124	0.63892
0.6386	46.437	0.6338
0.72924	47.798	0.72563
0.5672	49.194	0.56719
0.71154	50.465	0.71153
0.69825	52.059	0.69591
0.58771	53.334	0.58202
0.50157	54.411	0.49953
0.77036	55.646	0.76448
0.71108	57.115	0.71029
0.74023	58.555	0.73817
0.68229	59.967	0.68063
0.70855	61.349	0.70728
0.68636	62.735	0.68051
0.69231	64.1	0.69083
0.72422	65.502	0.72316
0.70426	66.919	0.69635
0.68748	68.306	0.68687
0.61371	69.591	0.84977
0.70012	70.892	0.69928
0.67755	72.267	0.67288
0.72093	73.657	0.71656
0.80154	75.167	0.79858
0.68191	76.636	0.68174
0.7516	78.059	0.75035
0.77732	0.77265	2.4173
0.71366	2.6063	2.093
0.76964	4.0737	1.9097
0.70932	5.5781	1.9322
0.76851	7.031	2.1323
0.6771	8.4645	2.3035
0.68148	9.7747	1.948
0.75013	11.204	2.0077
0.71893	12.671	1.9577
0.85337	14.261	2.1399
0.71123	15.811	1.9397
0.73538	17.255	2.0003
0.78098	18.727	2.3613
0.69129	20.145	1.879
0.80468	21.543	2.3976
0.72552	23.104	1.8278
0.67306	24.42	2.2787
0.68951	25.771	2.1555
0.59328	27.039	2.0081
0.83254	28.411	2.3815
0.81448	30.032	2.1047
0.71849	31.733	1.9283
0.60109	33.048	1.9984
0.79015	34.429	2.1309
0.80073	36	1.9413
0.71529	37.505	1.9267
0.73122	38.896	2.2909
0.68407	40.302	2.223
0.66601	41.642	2.0441
0.81209	43.126	2.0842
0.63145	44.538	1.7986
0.6811	45.843	1.8049
0.63276	47.15	1.9232
0.69311	48.473	1.9652
0.81116	49.947	2.2063
0.70024	51.416	1.9263
0.8413	52.947	1.9526
0.73194	54.501	1.7279
0.70619	56.112	2.1535
0.81261	57.626	2.1437
0.78811	59.223	2.1064
0.63166	60.611	1.8221
0.66703	62.256	1.9336
0.72206	63.828	2.075
0.59941	65.127	2.3034
0.61968	66.249	1.8353
0.75009	67.609	1.9618
0.62722	68.976	2.0507
0.65743	70.249	1.9356
0.73572	71.635	1.9268
0.76682	73.12	2.0943
0.68737	74.57	2.157
0.71663	76.079	2.0083
0.64987	77.443	2.0051
0.62532	0.6233	3.9729
0.81864	1.9704	3.4749
0.66864	3.4328	3.1971
0.70176	4.8715	3.1416
0.66216	6.2225	3.3037
0.75672	7.6211	3.5297
0.66974	9.0433	3.5158
0.77402	10.469	3.3419
0.78135	12.017	3.3003
0.58608	13.384	3.2776
0.72062	14.952	3.5459
0.69354	16.333	3.2436
0.64701	17.67	3.3184
0.61806	18.874	3.7414
0.66445	20.047	3.2277
0.69028	21.245	3.8565
0.75568	22.822	3.2791
0.63873	23.993	4.0241
0.70998	25.192	3.4216
0.76927	26.662	3.3101
0.76667	28.057	3.9397
0.68608	29.44	3.495
0.69248	31.09	3.1743
0.72282	32.502	3.1989
0.68922	33.879	3.4993
0.7167	35.276	3.3723
0.76344	36.751	3.3069
0.65633	38.156	3.4638
0.75063	39.548	3.6146
0.67165	40.947	3.4013
0.69717	42.307	3.3426
0.73759	43.817	3.4695
0.5897	45.02	2.9137
0.73231	46.321	3.1279
0.67919	47.72	3.1043
0.54929	48.943	3.1136
0.60623	49.905	3.7487
0.79367	51.259	3.4075
0.60321	52.651	3.3666
0.7865	54.023	3.1649
0.6842	55.469	3.3757
0.60968	56.76	3.2949
0.62283	58.472	3.3001
0.74725	59.944	3.4554
0.73097	61.333	2.9713
0.84365	62.87	3.3088
0.81729	64.509	3.5762
0.83441	66.486	3.2661
0.74755	68.062	3.377
0.70158	69.507	3.2677
0.68038	70.879	3.1144
0.66099	72.217	3.1948
0.63738	73.865	3.2763
0.68887	75.41	3.242
0.67403	76.769	3.2151
0.71123	78.15	3.1626
0.71338	0.71734	5.3056
0.73262	2.5535	4.905
0.73946	4.1765	4.3888
0.72162	5.6281	4.5457
0.56426	6.9096	4.6385
0.85407	8.4395	4.9104
0.70962	9.9939	4.7488
0.7076	11.407	4.6566
0.7911	12.924	4.5732
0.71135	14.396	4.862
0.61175	15.88	4.4956
0.73609	17.219	4.6235
0.69777	18.596	5.0168
0.66616	19.872	4.5449
0.72915	21.066	5.2585
0.71075	22.381	4.6743
0.82686	23.704	5.4549
0.68477	25.061	4.8031
0.76405	26.507	4.8307
0.73787	27.847	5.4985
0.75697	29.216	4.9204
0.63244	30.46	4.3271
0.77329	31.844	4.5375
0.75159	33.339	4.8292
0.61792	34.684	4.5682
0.70753	36.021	4.5814
0.65876	37.425	4.5564
0.68244	38.743	4.7977
0.73348	40.22	4.9307
0.65707	41.555	4.5706
0.71696	42.918	4.6097
0.76816	45.32	4.2336
0.77254	46.98	4.4803
0.72237	48.462	4.2853
0.62513	49.631	4.9468
0.555	50.771	4.6603
0.76868	52.062	4.9407
0.62055	53.331	4.3835
0.66886	54.647	4.4774
0.76201	56.062	4.6833
0.79489	57.594	4.4203
0.60995	58.993	4.4144
0.63577	60.334	4.7791
0.77661	61.699	4.4243
0.68082	63.159	4.7997
0.62305	64.442	5.0133
0.77845	65.807	4.7247
0.74519	67.327	4.6742
0.85851	68.929	4.7155
0.65773	70.393	4.3523
0.68302	71.73	4.4422
0.72156	73.131	4.4174
0.76145	74.614	4.4497
0.75625	76.129	4.4933
0.62627	77.496	4.3242
0.72747	0.72354	6.7445
0.59718	1.8209	6.0105
0.61902	3.6827	5.6374
0.75101	5.0245	5.8811
0.81317	6.5848	5.9737
0.77393	8.0824	6.4916
0.64716	9.4632	6.0047
0.74614	10.855	6.0004
0.54439	12.107	5.6936
0.73433	13.339	6.0303
0.64326	14.707	6.1769
0.80052	16.119	5.8841
0.70486	17.616	6.0069
0.72311	19.464	6.1339
0.78321	20.833	6.7463
0.77591	22.27	6.1545
0.62722	23.478	6.8884
0.6211	24.667	6.5309
0.58701	25.689	5.902
0.67335	26.814	6.452
0.73431	28.127	6.942
0.63421	29.567	6.2609
0.74396	30.802	5.6547
0.85653	32.339	6.0855
0.60468	33.926	6.0477
0.74905	35.256	5.8187
0.7939	36.796	5.8626
0.60286	38.183	5.9613
0.57257	39.35	5.8934
0.77226	42.132	5.8693
0.66961	43.459	6.4265
0.65905	44.192	5.0909
0.69531	45.966	5.5407
0.56406	47.04	6.1895
0.66768	48.132	5.6271
0.77206	49.393	6.3178
0.73795	50.881	5.9465
0.72007	52.261	6.4145
0.58883	53.271	5.5868
0.65657	54.499	5.7928
0.63317	55.847	6.0557
0.58092	56.985	5.6507
0.62922	58.185	5.731
0.58804	59.38	5.5401
0.80673	60.6	6.1953
0.81256	62.186	5.9258
0.68236	63.671	6.062
0.61847	65.21	5.9877
0.67182	66.636	5.9111
0.67568	67.997	5.9259
0.65956	69.667	6.0323
0.70751	70.954	5.5898
0.6396	72.414	5.574
0.72374	73.809	5.6918
0.72705	75.337	5.7446
0.76152	76.82	5.8438
0.61158	78.115	5.3922
0.75359	0.74963	8.223
0.52054	2.8622	6.4102
0.72958	3.9936	6.9412
0.66632	5.6719	7.1339
0.69557	6.9875	7.4712
0.68996	8.2899	7.9334
0.80738	9.6995	7.4379
0.71192	11.215	7.4123
0.67216	12.58	7.2111
0.73493	13.978	7.3441
0.81929	15.523	7.3872
0.74585	17.079	7.3456
0.65993	18.458	7.0792
0.63374	19.664	7.5475
0.779	20.922	8.2951
0.77193	22.344	7.6943
0.71132	24.511	7.8507
0.6608	25.736	7.2334
0.71894	26.979	7.8309
0.73127	28.209	8.5958
0.63482	29.366	7.5072
0.69261	30.617	7.0764
0.76229	31.948	7.6543
0.73222	33.39	7.2677
0.69823	34.815	7.1959
0.69681	36.207	7.2253
0.71114	37.608	7.1418
0.74616	39.061	7.1735
0.80071	40.619	6.4105
0.76375	41.85	7.3689
0.68311	44.8	6.2732
0.71345	46.014	6.9463
0.7659	48.048	7.0525
0.66812	49.289	7.7579
0.60639	50.434	7.2124
0.62423	51.598	7.5799
0.54251	52.753	7.6789
0.67648	53.6	6.8055
0.73353	54.977	7.0962
0.6538	56.328	7.4061
0.64443	57.46	6.7751
0.80329	59.141	6.9078
0.67124	60.411	7.6531
0.59794	61.597	7.2066
0.73662	62.929	7.2711
0.72233	64.385	7.2657
0.72162	65.819	7.181
0.77089	67.303	7.1872
0.75962	68.824	7.1659
0.77139	70.347	7.2862
0.70793	71.721	6.767
0.70404	73.11	6.9311
0.72262	74.529	6.9438
0.70799	75.951	7.0372
0.65501	77.301	7.1751
0.6977	0.74021	9.6706
0.78634	2.0653	7.4313
0.68527	3.327	8.1826
0.55646	4.7734	7.9565
0.75412	5.9555	8.5206
0.79569	7.3852	9.1048
0.76489	9.3106	8.9605
0.70601	10.761	8.7537
0.728	12.175	8.55
0.73781	13.621	8.763
0.70614	15.059	8.8368
0.66363	16.401	8.5784
0.81217	18.107	8.5062
0.79368	19.587	9.1082
0.72601	20.937	9.7915
0.64523	22.106	9.0851
0.70251	23.399	8.7201
0.65978	24.664	9.2105
0.6607	25.804	8.5506
0.67127	26.953	9.2182
0.67502	29.599	8.7848
0.62334	30.865	8.5128
0.67451	31.973	9.1838
0.54892	32.968	8.4732
0.6751	34.19	8.4178
0.7059	35.564	8.4645
0.70817	36.977	8.4123
0.63581	38.319	8.3388
0.5489	39.525	8.3756
0.59105	40.551	7.8006
0.72754	41.774	8.8466
0.84809	43.354	7.9392
0.65448	44.817	7.6029
0.61754	46.95	7.879
0.74694	48.126	8.562
0.77554	49.514	9.1786
0.59012	50.642	8.3907
0.67658	51.902	8.8386
0.79299	53.964	8.2283
0.71579	55.455	8.4594
0.70702	56.973	8.6043
0.62751	58.09	7.8737
0.55855	58.196	9.0482
0.74872	59.442	8.6852
0.68042	60.846	8.9261
0.74337	62.22	8.5672
0.71194	63.67	8.5028
0.69413	65.175	8.4419
0.76689	66.691	8.5872
0.63785	68.078	8.3638
0.76755	69.471	8.5432
0.68073	70.917	8.6196
0.72088	72.219	8.1025
0.74579	73.784	8.2068
0.60205	75.179	8.0946
0.80615	76.547	8.4262
0.79192	78.18	8.3193
0.75327	0.74544	11.118
0.7078	2.0334	8.918
0.79028	3.3384	9.651
0.6638	4.6974	9.1669
0.77158	5.8263	10.039
0.81123	8.4685	10.287
0.74822	10.134	10.227
0.64858	11.488	9.8947
0.76442	12.887	10.065
0.66031	14.308	9.9769
0.72919	15.796	10.064
0.70564	17.179	9.6992
0.74058	18.529	10.21
0.62412	19.842	10.581
0.73893	21.035	11.239
0.73919	22.286	10.453
0.66758	23.65	10.067
0.67827	24.987	10.502
0.62218	26.273	10.317
0.59083	27.505	10.349
0.77514	28.822	10.002
0.60719	30.201	9.9082
0.63737	31.171	10.677
0.76287	33.494	9.6687
0.675	34.916	9.846
0.73024	36.307	9.685
0.82339	37.853	9.7217
0.69936	39.364	9.6091
0.58344	40.477	8.9819
0.61449	41.834	10.18
0.8072	43.116	9.5748
0.76977	44.576	8.9993
0.62379	45.823	8.3878
0.64978	46.853	9.134
0.67227	48.202	9.9766
0.73879	49.418	10.686
0.84615	50.913	9.9902
0.69646	53.124	9.4532
0.77955	54.58	9.6691
0.62686	55.984	9.6891
0.79079	57.341	10.077
0.63104	58.761	10.14
0.64184	60.018	9.9531
0.6126	61.751	9.8384
0.6843	63.036	9.7435
0.73017	64.444	9.704
0.69854	65.862	9.7847
0.65066	67.204	9.9064
0.77535	68.626	9.8247
0.6964	70.109	9.856
0.75975	71.563	9.9046
0.69148	72.897	9.3375
0.58376	74.162	9.4729
0.65953	75.398	9.3339
0.74225	76.338	10.371
0.6456	77.455	9.5549
0.6946	0.79028	12.555
0.72987	1.9981	10.347
0.5765	3.1335	10.994
0.75739	4.4584	10.722
0.77533	6.1992	11.534
0.56744	7.0997	10.434
0.72955	9.4009	11.506
0.62959	10.753	11.588
0.69473	12.026	11.237
0.68366	13.472	11.385
0.76716	14.912	11.265
0.67496	16.253	11.788
0.68207	17.396	11.063
0.70612	18.674	11.646
0.80518	19.997	12.374
0.71333	21.541	12.588
0.75407	22.802	11.849
0.70307	24.242	11.663
0.63108	25.574	11.667
0.70882	26.895	11.493
0.69306	28.287	11.366
0.81337	29.786	11.264
0.72119	31.111	12.029
0.5892	32.356	10.386
0.80758	33.715	11.217
0.63462	35.154	11.133
0.70931	36.497	11.106
0.58975	37.793	11.133
0.6618	39.024	10.923
0.73043	40.518	10.447
0.75837	41.553	11.515
0.72528	42.981	11.097
0.73515	44.356	10.485
0.65608	45.638	9.9431
0.732	46.904	10.505
0.64053	48.251	11.414
0.7261	50.609	11.528
0.7845	52.368	10.72
0.62296	53.772	10.814
0.80628	55.421	11.004
0.67282	56.829	11.437
0.66585	58.154	11.286
0.75985	59.574	11.28
0.71737	61.001	10.927
0.63738	62.366	10.926
0.72596	63.727	10.97
0.65769	65.107	10.911
0.71858	66.466	11.058
0.68926	67.867	11.07
0.63997	69.416	10.997
0.67948	70.732	11.079
0.61656	72.207	11.118
0.65353	73.365	10.596
0.79944	74.828	10.674
0.71387	75.881	11.749
0.68597	77.228	12.077
0.69182	77.821	10.837
0.72129	1.13	13.917
0.78268	2.0847	11.852
0.74369	3.5527	12.241
0.84163	5.0672	12.681
0.69419	7.6638	11.555
0.76416	8.5324	12.714
0.69964	9.9861	12.807
0.69434	11.373	12.756
0.634	12.649	12.407
0.71325	13.918	12.847
0.59891	15.202	12.594
0.68911	16.359	13.145
0.67385	17.504	12.407
0.6508	18.688	12.999
0.64627	20.697	13.643
0.66009	22.371	13.672
0.71562	23.608	13.075
0.67974	24.981	12.83
0.69269	26.352	12.783
0.66154	27.712	12.589
0.57239	29.004	12.407
0.81016	30.133	13.203
0.55295	31.791	13.097
0.58962	32.332	11.56
0.82988	33.118	12.738
0.76989	34.686	12.456
0.68473	36.132	12.446
0.84649	38.549	12.352
0.76223	40.081	11.873
0.62533	41.098	12.818
0.70116	42.639	12.477
0.67248	43.804	13.187
0.68051	44.146	11.881
0.84606	45.609	11.444
0.65508	47.042	11.873
0.70754	49.353	12.203
0.66029	51.871	12.071
0.63327	53.147	11.902
0.72753	54.468	12.198
0.72358	55.888	12.458
0.70608	57.288	12.729
0.79673	58.78	12.614
0.77632	60.328	12.877
0.80338	61.767	12.235
0.77949	63.334	12.42
0.73824	64.838	12.271
0.80731	67.177	12.397
0.62574	68.726	12.055
0.82806	70.067	12.605
0.66531	71.493	12.182
0.6456	72.797	12.231
0.59176	73.911	11.712
0.70661	74.799	12.653
0.69654	76.397	13.182
0.64507	77.789	13.276
0.66613	1.2783	15.284
0.69595	2.3975	13.289
0.79726	3.8127	13.755
0.77934	5.2956	14.281
0.80171	6.6686	13.038
0.7317	7.8376	14.026
0.66745	9.2418	13.955
0.62601	10.669	13.94
0.77106	12.41	13.787
0.60083	13.728	14.146
0.76629	15.078	13.951
0.70553	16.425	14.535
0.69627	17.59	13.768
0.74104	19.422	14.178
0.59857	20.565	14.874
0.63788	21.799	14.834
0.7307	23.358	14.642
0.59448	24.52	14.012
0.58356	25.689	13.873
0.62085	27.219	13.769
0.7858	28.623	13.709
0.771	29.761	14.769
0.8024	31.273	14.34
0.73978	32.811	14.274
0.7001	34.18	13.833
0.76679	35.945	13.885
0.71086	37.272	13.236
0.69042	38.508	13.887
0.74759	39.841	13.361
0.68106	42.041	13.717
0.68673	43.224	14.413
0.54242	44.726	13.964
0.64454	45.07	12.83
0.67285	46.372	13.008
0.69153	48.066	12.733
0.70562	49.155	13.601
0.84938	50.651	13.103
0.73495	52.204	13.415
0.72542	53.661	13.4
0.6529	55.031	13.529
0.71551	56.369	13.809
0.68976	57.749	14.04
0.60154	59.035	13.985
0.77658	61.605	13.803
0.72819	63.103	13.905
0.6636	64.462	13.617
0.6646	65.917	13.158
0.70337	67.061	13.898
0.71833	68.365	13.344
0.80546	69.629	14.176
0.63367	70.992	13.735
0.59574	72.123	13.272
0.83786	73.529	13.517
0.72695	75.239	14.01
0.61596	76.453	14.572
0.73442	77.795	14.65
0.58613	0.59722	16.324
0.7666	2.5952	14.732
0.66793	4.1571	15.174
0.6842	5.3857	15.737
0.8041	6.6858	15.031
0.85195	8.2542	15.545
0.75482	10.007	15.151
0.76873	11.524	15.038
0.6888	12.97	15.189
0.75503	14.406	15.315
0.60315	15.72	15.629
0.6631	17.19	15.665
0.64532	18.255	14.92
0.81106	19.452	15.729
0.64934	21.124	15.984
0.59581	22.367	15.927
0.79157	23.74	16.109
0.76038	25.036	15.259
0.74394	26.498	14.923
0.62902	27.87	14.903
0.8507	28.848	16.108
0.65446	30.825	15.716
0.68957	32.156	15.543
0.76996	33.613	15.55
0.70618	34.971	14.988
0.56399	36.203	15.264
0.72337	37.333	14.663
0.69629	39.522	14.826
0.64686	40.789	14.38
0.77777	41.973	15.167
0.62257	44.358	15.063
0.78722	45.973	14.403
0.85262	47.593	14.195
0.62812	48.885	14.907
0.69754	50.16	14.573
0.73369	51.573	14.733
0.66487	52.955	14.591
0.70161	54.31	14.67
0.64548	55.624	14.939
0.72221	56.986	15.229
0.74118	58.532	15.229
0.67003	60.257	14.319
0.62388	61.242	15.154
0.65614	62.521	15.158
0.72378	64.102	14.954
0.78604	65.559	14.562
0.71736	66.868	15.296
0.70062	68.176	14.748
0.60179	69.226	15.515
0.78553	70.882	15.149
0.81887	72.438	14.762
0.8769	74.095	15.127
0.69028	75.598	15.559
0.67344	76.943	15.762
0.59032	0.91696	17.447
0.76663	1.9335	16.554
0.60064	3.1648	15.969
0.64244	4.2939	16.473
0.67501	5.8346	17.017
0.66098	7.044	16.451
0.64151	8.2897	17.036
0.66065	9.4528	16.451
0.76451	10.872	16.416
0.61763	12.246	16.276
0.67759	13.53	16.445
0.66343	15.011	16.677
0.70481	16.377	16.752
0.82579	18.189	16.769
0.70515	20.086	17.092
0.61323	21.392	17.213
0.70092	22.7	17.178
0.77194	24.097	17.623
0.65166	25.144	16.663
0.51184	26.181	16.137
0.62289	27.308	16.018
0.62696	29.044	17.572
0.7471	30.279	16.994
0.65568	31.662	16.793
0.59049	32.901	16.704
0.66697	34.143	16.885
0.76073	35.472	16.365
0.63016	37.137	16
0.67909	38.38	15.591
0.72589	40.594	15.755
0.65305	41.835	16.585
0.7642	43.297	15.948
0.69299	45.455	15.78
0.75444	46.892	15.636
0.70853	48.275	16.091
0.79453	49.776	16.015
0.7386	51.3	16.171
0.81428	52.844	16.059
0.76321	54.418	16.128
0.78353	55.951	16.321
0.65953	57.373	16.555
0.77807	58.8	16.716
0.75278	59.946	15.704
0.69647	61.172	16.469
0.80544	62.659	16.61
0.79066	64.239	16.457
0.70699	65.67	16.05
0.59783	66.846	16.61
0.63726	67.97	16.068
0.72515	69.09	16.826
0.81729	70.627	16.73
0.50627	71.777	16.076
0.67528	72.952	16.164
0.77386	74.633	16.682
0.67355	76.115	16.819
0.73669	77.506	17.05
0.65989	0.64888	18.659
0.65199	2.0397	17.968
0.71257	3.2155	17.282
0.8078	4.6282	17.874
0.71683	6.9636	17.825
0.62524	8.2171	18.299
0.87975	9.6828	17.965
0.69389	11.244	17.818
0.75106	12.666	17.579
0.69588	14.107	17.691
0.66234	15.776	17.968
0.73062	17.168	17.944
0.73567	19.042	18.076
0.6764	20.522	18.396
0.76505	21.963	18.46
0.64002	23.321	18.8
0.66997	24.615	18.958
0.68822	25.517	17.946
0.51133	26.602	17.07
0.67839	27.796	17.216
0.72566	30.211	18.458
0.7708	31.127	19.639
0.7581	31.672	18.206
0.7911	33.212	18.046
0.6981	35.165	17.788
0.73859	36.66	17.28
0.69973	38.07	16.942
0.69533	39.394	16.514
0.70241	40.618	17.179
0.66259	43.192	17.366
0.75189	44.508	16.86
0.74687	46.237	16.982
0.58986	47.56	17.175
0.71922	48.999	17.314
0.75972	50.469	17.405
0.64664	51.921	17.41
0.75797	53.32	17.55
0.78241	54.854	17.608
0.74643	56.366	17.785
0.72975	57.831	17.867
0.55823	59.102	18.012
0.67092	60.114	17.326
0.68522	61.367	17.837
0.67855	62.705	18.089
0.62667	63.985	17.845
0.83808	65.424	17.573
0.58015	66.798	17.925
0.62286	67.836	17.318
0.80242	69.73	18.196
0.68041	71.2	18.111
0.63859	72.113	17.168
0.63775	73.414	17.391
0.69671	73.971	18.602
0.79586	75.353	18.071
0.70068	76.812	18.355
0.65368	78.155	18.274
0.6394	0.6334	19.953
0.72334	1.8534	19.327
0.814	3.2929	18.802
0.63859	4.6467	19.31
0.68977	5.8697	18.712
0.7919	7.2253	19.309
0.70302	8.9865	19.378
0.68151	10.496	19.295
0.77268	11.935	19.103
0.66997	13.346	18.824
0.7834	14.783	19.006
0.6736	16.223	19.223
0.75935	18.02	19.159
0.72412	19.584	19.435
0.80653	21.087	19.759
0.7774	22.643	20.042
0.77295	24.203	20.331
0.71352	25.92	19.388
0.73627	26.891	18.294
0.81563	28.47	18.888
0.67722	29.685	19.752
0.66664	32.29	20.718
0.67336	32.539	19.345
0.67489	34.389	18.916
0.70854	36.258	18.668
0.77816	37.714	18.373
0.69575	39.105	17.876
0.76497	40.36	18.62
0.84593	41.873	18.077
0.62552	44.176	18.191
0.65773	45.455	18.144
0.71743	46.818	18.318
0.68763	48.213	18.475
0.71	49.619	18.598
0.74379	51.061	18.781
0.72762	52.53	18.8
0.72345	54.016	18.856
0.66173	55.506	18.895
0.79858	57.038	19.171
0.78526	58.617	19.259
0.70075	60.101	18.766
0.67373	61.4	19.194
0.69085	62.734	19.453
0.73621	64.135	19.194
0.69826	65.565	19.101
0.58165	66.926	19.079
0.77903	68.221	18.662
0.72085	69.427	19.676
0.57617	70.639	19.232
0.68445	71.818	19.665
0.73254	72.559	18.462
0.68652	73.183	19.734
0.66804	74.553	19.832
0.74304	75.924	19.497
0.76469	77.608	19.582
0.73657	0.9179	21.298
0.74991	2.3455	20.702
0.76338	3.83	20.443
0.73255	5.632	20.246
0.59031	6.8817	20.645
0.68462	8.1377	20.468
0.6782	9.8226	20.473
0.61723	11.115	20.488
0.66516	12.394	20.456
0.76406	13.791	20.186
0.88773	15.397	20.557
0.81648	17.094	20.428
0.71134	18.619	20.497
0.70773	20	20.805
0.76137	21.383	21.293
0.7434	23.197	21.456
0.71524	24.688	21.735
0.64713	25.573	20.702
0.62189	27.228	19.603
0.89197	28.361	20.589
0.65808	29.826	21.075
0.58859	31.069	20.995
0.83976	33.728	20.276
0.59741	35.123	19.952
0.79227	36.492	20.146
0.59552	37.814	19.74
0.71589	39.041	19.286
0.72892	40.3	20.109
0.72173	41.664	19.62
0.80936	43.123	19.16
0.63968	44.687	19.343
0.61411	45.939	19.317
0.66004	47.412	19.554
0.71855	48.793	19.755
0.65442	50.161	19.849
0.71303	51.795	20.033
0.72653	53.23	20.072
0.84952	54.794	20.223
0.65408	56.284	20.408
0.67654	57.771	20.446
0.56917	59.01	20.551
0.73111	60.361	20.171
0.70495	61.751	20.525
0.7968	63.214	20.854
0.82072	64.806	20.592
0.78899	66.385	20.338
0.83176	67.994	20.251
0.75663	69.307	21.136
0.8182	70.839	20.801
0.75098	72.393	20.978
0.66131	73.8	20.927
0.74178	75.188	21.086
0.75034	76.646	20.802
0.63491	78.019	20.917
0.75901	0.76669	22.786
0.73607	2.1213	22.157
0.67678	3.4995	21.844
0.74658	4.8855	21.518
0.5841	6.1917	21.768
0.68407	7.4593	21.773
0.83994	8.9813	21.73
0.69122	10.517	21.651
0.58941	11.791	21.549
0.66019	13.22	21.487
0.73447	14.539	21.932
0.67864	16.404	21.751
0.82816	17.902	21.854
0.7532	19.451	22.154
0.61678	20.767	22.524
0.8176	22.193	22.641
0.74321	23.738	22.838
0.74011	26.231	22.024
0.63642	26.85	20.799
0.66412	27.632	21.964
0.62935	28.923	21.992
0.60604	30.577	22.081
0.63869	31.818	22.082
0.80651	33.24	21.844
0.66707	34.939	21.203
0.52516	36.202	21.428
0.72658	37.448	21.321
0.70385	38.719	20.668
0.65043	39.848	21.408
0.63338	41.429	20.944
0.67687	42.684	20.576
0.50344	43.928	20.197
0.71281	45.066	20.636
0.69044	46.46	20.51
0.76456	47.86	20.899
0.69691	49.279	21.229
0.8187	50.789	21.178
0.78926	52.462	21.376
0.56086	53.803	21.224
0.67183	55.574	21.524
0.74007	56.977	21.615
0.68143	58.395	21.65
0.79107	59.861	21.606
0.72793	61.346	21.898
0.72299	62.738	22.291
0.76778	64.209	22.057
0.75347	65.719	21.901
0.77523	67.225	21.656
0.74863	68.541	22.417
0.77307	70.062	22.46
0.73284	71.548	22.197
0.58566	72.974	22.178
0.71497	74.272	22.215
0.64577	76.076	22.148
0.71878	77.437	22.128
0.69118	0.68144	24.231
0.77744	2.0315	23.657
0.69422	3.4367	23.213
0.66957	4.7682	22.923
0.65176	6.7204	22.885
0.73907	8.1018	23.037
0.7944	9.9633	23.027
0.75297	11.496	22.853
0.73542	12.983	22.856
0.76081	14.303	23.555
0.71492	15.619	22.895
0.68756	17.008	23.078
0.81751	18.481	23.385
0.63984	19.931	23.461
0.72234	21.235	23.838
0.65971	22.874	23.943
0.64373	24.393	24.055
0.68593	25.226	23.026
0.58283	27.045	23.068
0.66785	28.361	23.159
0.68422	29.709	23.031
0.79461	31.152	23.35
0.66443	32.602	23.17
0.74908	34.206	23.057
0.73174	35.581	22.517
0.65454	36.963	22.613
0.7412	38.404	22.429
0.59287	39.72	22.64
0.72609	40.964	22.209
0.66757	42.371	21.881
0.78949	43.831	21.486
0.70632	45.218	22.043
0.80893	46.73	21.981
0.73985	48.343	22.316
0.59713	49.692	22.455
0.759	51.025	22.729
0.59733	52.376	22.756
0.59771	53.492	22.338
0.6431	54.717	22.513
0.81407	56.118	22.906
0.76387	57.713	22.922
0.6234	59.094	22.794
0.68745	60.391	22.981
0.67479	61.723	23.248
0.78177	63.639	23.489
0.70947	65.105	23.229
0.87193	66.684	23.208
0.67508	68.133	23.767
0.73023	69.531	23.865
0.73838	70.981	23.653
0.77036	72.466	23.432
0.6538	73.882	23.523
0.75649	75.268	23.291
0.68731	76.707	23.321
0.73701	0.74054	25.655
0.59072	1.8972	25.012
0.72033	3.187	24.604
0.63257	4.4743	24.187
0.62726	5.7716	23.74
0.65612	6.9812	24.167
0.69517	8.3022	24.448
0.65855	9.6454	24.437
0.64128	10.901	24.113
0.71762	12.255	24.107
0.67919	13.494	24.744
0.78233	15.601	24.386
0.58789	16.97	24.353
0.61835	18.105	24.76
0.7082	19.426	24.709
0.62004	20.701	25.065
0.71146	22.032	25.025
0.69544	23.568	25.1
0.6948	25.134	25.164
0.76799	26.169	24.13
0.63069	27.565	24.183
0.60306	28.787	24.355
0.67231	30.062	24.329
0.6801	32.004	24.544
0.75109	33.416	24.329
0.63232	34.799	24.302
0.85899	36.248	23.959
0.64359	37.718	23.668
0.67204	39.028	23.693
0.77256	40.626	23.659
0.67546	41.982	23.165
0.68748	43.305	22.863
0.68127	44.602	23.284
0.66098	45.935	23.206
0.71506	47.345	23.372
0.66787	48.924	23.592
0.60918	50.178	23.793
0.64727	51.395	24.083
0.70796	52.741	24.002
0.69557	54.101	23.695
0.75677	55.41	24.306
0.79114	56.953	24.276
0.61696	58.351	24.142
0.7258	59.688	24.202
0.66399	61.062	24.411
0.73979	62.464	24.447
0.63235	64.16	24.794
0.82213	65.603	24.676
0.7245	67.14	24.734
0.58497	68.703	24.886
0.82039	70.449	25.113
0.643	71.857	24.72
0.71618	73.214	24.715
0.66451	74.621	24.614
0.74714	76.031	24.581
0.8082	77.58	24.529
0.68608	0.67957	27.071
0.69669	2.7651	25.957
0.85311	4.3438	25.663
0.80139	5.913	25.158
0.69384	7.371	25.461
0.85905	9.0975	25.85
0.67476	10.57	25.385
0.66934	12.368	25.483
0.66302	13.552	26.083
0.58192	14.579	25.38
0.68639	15.757	25.84
0.71032	17.13	25.646
0.73895	18.522	26.048
0.66281	19.923	26.085
0.71592	21.303	26.252
0.74094	22.759	26.278
0.80222	24.297	26.401
0.74968	26.504	25.609
0.78442	28.031	25.518
0.75017	29.556	25.652
0.65829	30.926	25.331
0.72856	32.821	25.683
0.7154	34.252	25.531
0.67857	35.633	25.366
0.6852	36.992	25.313
0.73685	38.357	24.931
0.68005	39.766	24.817
0.71124	41.13	25.051
0.61425	42.287	24.414
0.70655	43.591	24.227
0.69467	44.936	24.617
0.79655	46.425	24.569
0.80507	48.008	24.738
0.72142	49.516	24.939
0.68537	50.967	25.34
0.7316	52.38	25.389
0.59292	53.629	24.951
0.59639	54.703	25.458
0.79417	56.069	25.706
0.60493	57.462	25.572
0.71971	58.773	25.407
0.76371	60.243	25.58
0.67528	61.675	25.614
0.83308	63.159	25.854
0.81352	64.786	26.093
0.83819	66.431	26.116
0.68182	67.931	25.89
0.66211	69.265	25.995
0.75259	71.138	26.523
0.78634	72.611	26.089
0.67812	74.049	25.827
0.79595	75.505	26.023
0.67943	76.981	25.891
0.54072	0.92835	28.263
0.80952	2.1271	27.428
0.74986	3.6472	27.098
0.76697	5.1592	27.06
0.68694	6.5032	26.526
0.67691	7.8476	26.741
0.60759	8.9948	27.312
0.6747	10.275	27.283
0.71974	11.413	26.483
0.64786	12.659	27.04
0.58374	14.706	26.539
0.74159	15.813	27.261
0.80172	17.384	27.131
0.68718	19.202	27.296
0.67524	20.554	27.422
0.76766	21.985	27.565
0.61672	23.359	27.491
0.73638	24.642	27.892
0.75263	25.764	26.915
0.79601	27.312	26.925
0.63075	28.726	26.751
0.60337	30.356	26.737
0.70693	31.637	26.487
0.74802	33.683	26.876
0.71313	35.123	26.659
0.69902	36.531	26.617
0.68858	37.896	26.398
0.69003	39.229	26.061
0.66263	40.558	26.306
0.72565	41.942	26.227
0.61932	43.005	25.413
0.68407	44.241	25.806
0.73064	45.649	25.871
0.76883	47.133	26.043
0.68123	48.577	26.106
0.71351	49.954	26.298
0.70144	51.721	26.657
0.65842	53.078	26.586
0.7306	54.454	26.759
0.58205	55.734	27.041
0.78054	57.087	26.902
0.6981	58.56	26.806
0.58071	59.837	26.856
0.85465	61.254	27.081
0.71903	62.801	27.355
0.6814	64.193	27.461
0.70555	65.574	27.394
0.63626	66.929	27.499
0.61899	68.139	27.17
0.73418	69.848	27.256
0.60535	71.035	27.874
0.70165	72.316	27.62
0.71977	73.661	27.167
0.62177	75.083	27.372
0.72145	76.445	27.207
0.67622	77.819	26.957
0.69484	0.69086	29.467
0.77282	2.0814	29.008
0.74573	3.5347	28.58
0.72001	4.995	28.532
0.77994	6.5216	27.99
0.64323	7.9429	28.053
0.66194	9.1401	28.57
0.60977	10.41	28.559
0.71202	11.552	27.898
0.69849	13.909	27.537
0.70436	15.201	28.569
0.70697	16.641	28.441
0.70917	18.282	28.341
0.82183	19.769	28.695
0.76818	21.337	28.945
0.77204	22.871	28.823
0.61727	24.214	29.175
0.66698	25.591	28.905
0.76592	26.938	28.439
0.69679	28.331	28.014
0.77043	29.791	27.984
0.58625	31.143	27.969
0.74393	32.438	27.685
0.55366	34.587	27.807
0.74751	35.878	27.906
0.77114	37.387	27.992
0.81986	38.902	27.523
0.67163	40.383	27.628
0.67251	41.721	27.598
0.7666	43.277	26.888
0.76316	44.847	27.119
0.68338	46.288	27.222
0.65323	47.616	27.379
0.78614	49.049	27.491
0.78303	50.608	27.632
0.62482	52.059	27.939
0.73301	53.536	27.897
0.68046	54.994	28.062
0.67643	56.347	28.157
0.8116	57.828	28.303
0.68315	59.277	27.984
0.77692	60.603	28.572
0.75157	62.122	28.648
0.71416	63.584	28.71
0.62321	64.92	28.551
0.65112	66.231	28.576
0.74165	67.616	28.69
0.61106	68.857	28.164
0.65407	70.027	28.625
0.77916	71.319	29.226
0.69911	72.767	28.946
0.85821	74.284	28.613
0.67618	75.807	28.448
0.67006	77.388	28.225
0.58472	0.58205	30.733
0.67047	1.808	30.427
0.79149	3.2223	30.076
0.62712	4.6146	29.822
0.80062	6.1423	29.522
0.78767	7.7256	29.464
0.64122	9.0914	29.868
0.53259	10.25	29.689
0.76799	11.523	29.37
0.62963	12.828	28.304
0.59073	13.932	28.823
0.69267	16.026	29.695
0.82067	17.538	29.67
0.64442	18.973	29.926
0.81041	20.395	30.201
0.82808	22.023	30.382
0.68744	23.54	30.292
0.7372	25.087	30.208
0.78902	26.589	29.953
0.81405	28.127	29.51
0.68134	29.617	29.421
0.73959	31.028	29.288
0.63818	32.383	29.059
0.68261	33.584	28.525
0.78158	34.924	29.098
0.78527	36.471	29.317
0.64076	38.461	28.904
0.67474	39.769	28.825
0.68894	41.127	28.822
0.69158	42.499	28.706
0.76585	43.884	28.292
0.63786	45.505	28.354
0.70798	46.843	28.497
0.6492	48.192	28.636
0.7376	49.547	28.929
0.74953	51.216	29.024
0.77573	52.728	29.169
0.6855	54.181	29.157
0.66486	55.502	29.404
0.68902	56.849	29.426
0.69166	58.168	29.817
0.70803	59.55	29.615
0.75249	61.322	29.915
0.76653	62.833	29.983
0.67424	64.432	29.805
0.63623	65.739	29.759
0.66545	67.022	29.963
0.57039	68.373	29.758
0.70597	69.637	29.921
0.62548	70.816	30.535
0.74644	72.359	30.333
0.71203	73.79	30.1
0.76439	75.249	29.913
0.81742	76.784	29.574
0.65444	1.373	31.674
0.712	2.723	31.489
0.68335	4.097	31.257
0.72576	5.4532	30.88
0.82185	6.9987	30.898
0.6202	8.4624	30.983
0.62418	9.734	30.951
0.62082	10.932	30.617
0.57704	12.136	30.567
0.66908	12.939	29.593
0.66594	14.443	29.969
0.58528	15.382	30.794
0.70439	16.688	30.924
0.7998	18.201	31.146
0.67982	19.683	31.506
0.66812	21.03	31.53
0.73789	22.939	31.646
0.71088	24.369	31.456
0.68841	25.997	31.305
0.73395	27.689	30.993
0.81261	29.221	30.857
0.67184	30.689	30.657
0.74816	32.083	30.402
0.8138	33.613	30.021
0.6696	35.315	30.489
0.75106	36.671	30.896
0.67123	37.754	29.993
0.73475	39.151	30.092
0.66428	40.539	30.222
0.74036	41.923	30.007
0.69185	43.336	29.804
0.6529	44.633	29.486
0.70771	45.976	29.613
0.80281	47.452	29.879
0.64609	48.868	30.15
0.79823	50.302	30.264
0.72659	51.822	30.362
0.60642	53.277	30.437
0.74952	54.631	30.517
0.76748	56.137	30.686
0.67846	57.506	31.141
0.65978	58.831	30.992
0.73237	60.215	30.89
0.6292	61.915	31.159
0.65077	63.825	30.98
0.74424	65.213	31.029
0.68355	66.618	31.248
0.69152	67.953	30.946
0.55515	69.184	31.09
0.75219	70.273	31.801
0.64265	71.628	31.505
0.64073	73.289	31.361
0.70476	74.629	31.239
0.58826	76.222	30.862
0.80139	77.637	30.937
0.72062	0.72191	32.877
0.72006	2.1512	32.798
0.80117	3.6602	32.674
0.66856	5.0496	32.21
0.66292	6.378	32.255
0.70756	7.7461	32.227
0.68196	9.1285	32.106
0.77319	10.675	31.978
0.7193	12.207	31.861
0.738	13.405	30.913
0.6055	14.538	31.631
0.71716	15.801	32.023
0.63612	17.19	32.166
0.74821	18.758	32.588
0.65169	20.357	32.665
0.77055	21.861	32.696
0.59444	23.2	32.951
0.67593	24.461	32.832
0.62971	25.742	32.596
0.72281	27.059	32.299
0.66333	28.438	32.17
0.63549	30.235	31.882
0.73336	31.595	31.795
0.60684	32.894	31.482
0.77774	34.274	31.487
0.69442	35.674	31.934
0.66803	36.992	32.274
0.80546	38.169	31.403
0.78709	39.75	31.489
0.84042	41.368	31.476
0.69566	42.853	31.1
0.68128	44.931	30.781
0.68733	46.313	30.964
0.80817	48.066	31.362
0.79361	49.629	31.705
0.64396	51.048	31.49
0.70518	52.38	31.672
0.75453	53.825	31.786
0.66994	55.241	31.797
0.81786	56.619	32.344
0.68852	58.123	32.39
0.74862	59.546	32.203
0.6901	60.979	32.087
0.72065	62.945	32.027
0.69887	64.381	32.201
0.72349	65.785	32.38
0.69748	67.195	32.501
0.7202	68.579	32.209
0.59209	69.638	32.979
0.58295	71.187	32.773
0.79783	72.555	32.597
0.73901	74.083	32.571
0.77571	75.581	32.368
0.73516	77.086	32.367
0.67127	0.69127	34.262
0.66829	2.7854	34.019
0.71328	4.157	34.099
0.76114	5.6686	33.49
0.65565	7.0835	33.431
0.67058	8.5032	33.374
0.75418	9.9217	33.301
0.70405	11.375	33.269
0.56961	12.627	33.08
0.62281	13.487	32.265
0.79141	14.678	33.019
0.60905	16.044	33.321
0.74845	17.573	33.495
0.75047	19.584	33.834
0.66348	20.996	33.835
0.75797	22.475	34.091
0.71493	23.946	34.119
0.72544	25.368	33.895
0.73867	26.818	33.734
0.65763	28.19	33.489
0.74924	29.527	33.064
0.62369	30.893	32.955
0.66882	32.177	33.066
0.56658	33.423	32.526
0.75249	34.667	32.963
0.73935	36.217	33.435
0.75562	38.226	32.981
0.74639	39.726	33.02
0.72002	41.192	33.02
0.74214	42.561	32.506
0.72793	44.044	31.875
0.6973	45.456	32.051
0.64863	46.788	32.21
0.69633	47.961	32.858
0.65165	49.279	33.104
0.82301	50.734	32.916
0.70779	52.253	33.072
0.6802	53.627	33.205
0.62736	54.92	33.046
0.76549	55.949	33.977
0.77153	57.458	33.689
0.73373	58.956	33.556
0.74386	60.424	33.408
0.81966	61.974	33.22
0.7584	63.542	33.377
0.69814	64.987	33.556
0.63675	66.393	33.593
0.68812	68.111	33.536
0.54398	69.233	34.034
0.67612	70.549	33.857
0.68458	71.905	33.923
0.79638	73.385	33.955
0.73256	74.965	33.743
0.72552	76.419	33.661
0.65497	77.998	33.415
0.69543	0.70668	35.719
0.66795	1.8275	34.943
0.75004	3.1664	35.379
0.61083	5.2697	34.8
0.64769	6.5107	34.612
0.69776	7.8472	34.57
0.73239	9.2684	34.63
0.73807	10.73	34.554
0.6658	12.122	34.41
0.78083	13.526	34.082
0.63291	15.178	34.347
0.75811	16.542	34.587
0.69925	17.961	34.889
0.63568	19.258	35.179
0.77922	20.667	35.235
0.79145	22.188	35.607
0.64928	23.61	35.437
0.73874	24.983	35.302
0.73784	26.447	35.159
0.66767	27.786	34.751
0.75615	29.184	34.523
0.74848	30.672	34.309
0.59775	32.018	34.321
0.84241	33.408	33.932
0.58846	35.153	34.209
0.69409	36.132	35.038
0.77075	37.421	34.341
0.76288	38.952	34.314
0.77838	40.491	34.337
0.73113	42.298	33.954
0.8325	43.836	33.419
0.705	45.37	33.447
0.73265	46.789	33.667
0.71492	48.442	34.179
0.77243	49.916	34.376
0.7559	51.476	34.303
0.64109	52.873	34.29
0.73357	54.476	34.33
0.74938	55.477	35.418
0.74617	56.939	35.113
0.70266	58.358	34.854
0.66565	59.799	34.672
0.68225	61.278	34.547
0.76279	62.717	34.644
0.67551	64.155	34.667
0.67681	65.902	34.811
0.68087	67.246	34.593
0.59941	68.488	34.899
0.80192	69.913	35.188
0.5407	71.232	34.943
0.73815	72.48	35.221
0.72839	74.403	35.087
0.65233	75.764	34.87
0.7626	77.456	34.725
0.76372	0.75404	37.18
0.75312	2.0132	36.343
0.8574	4.5904	36.1
0.61121	6.0118	35.763
0.682	7.2931	35.83
0.69176	8.6571	35.911
0.57257	9.9104	35.765
0.72536	11.194	35.937
0.74946	12.816	35.636
0.75036	14.29	35.401
0.62101	15.635	35.619
0.72818	16.917	36.019
0.75932	18.372	36.288
0.65418	19.777	36.355
0.81263	21.158	36.826
0.61189	23.164	36.611
0.64898	24.421	36.567
0.77874	25.845	36.546
0.61993	27.214	36.278
0.74294	28.533	35.945
0.7367	29.998	35.766
0.69248	31.403	35.55
0.73926	32.817	35.391
0.76925	34.312	35.259
0.7861	35.41	36.35
0.65756	36.839	36.208
0.81593	38.218	35.709
0.67997	39.701	35.558
0.73345	41.601	35.357
0.63528	42.948	35.151
0.75689	44.317	34.928
0.78504	45.848	34.853
0.75436	47.351	35.157
0.74533	48.781	35.594
0.70949	50.777	35.58
0.80223	52.287	35.627
0.84922	53.927	35.81
0.62913	55.261	36.777
0.62378	56.449	36.387
0.71553	57.786	36.303
0.69987	59.166	35.99
0.79143	60.645	35.871
0.68152	62.114	35.946
0.61583	63.499	35.78
0.72561	64.934	35.824
0.79863	66.783	35.994
0.7388	68.301	36.222
0.75389	69.705	36.722
0.7034	71.05	36.172
0.5454	72.256	36.483
0.7514	73.529	36.273
0.65724	75.182	36.23
0.79006	76.615	36.027
0.74844	0.75881	38.691
0.76448	2.1424	37.851
0.69492	3.3115	36.978
0.64586	4.5	37.594
0.78436	5.8563	37.143
0.66679	7.894	37.034
0.74292	9.4884	37.074
0.63959	10.843	37.316
0.76938	12.213	37.022
0.81128	13.777	36.867
0.80347	15.382	37.017
0.74373	16.856	37.484
0.75194	18.318	37.797
0.62655	19.716	37.63
0.73784	20.879	38.344
0.7535	22.419	37.748
0.62707	23.796	37.676
0.66626	26.681	37.72
0.71545	28.007	37.35
0.73192	29.429	37.115
0.79864	30.948	36.97
0.75766	32.493	36.845
0.6944	33.926	36.661
0.7515	34.84	37.771
0.66496	36.366	37.443
0.70212	37.732	37.231
0.82594	39.24	36.991
0.73195	40.724	36.525
0.79689	42.224	36.803
0.77158	43.714	36.326
0.65137	45.115	36.088
0.62928	46.392	36.154
0.75926	47.691	36.631
0.73363	49.812	36.643
0.85622	51.348	37.033
0.59934	52.794	36.929
0.73882	54.041	37.391
0.69083	55.277	38.094
0.59622	56.46	37.602
0.74683	57.701	38.097
0.61499	58.741	37.226
0.66165	60.029	37.186
0.73594	61.426	37.178
0.7368	62.894	37.126
0.70335	64.33	37.118
0.67926	65.703	36.994
0.78471	67.05	37.554
0.7373	68.563	37.673
0.61613	70.142	38.013
0.81353	71.512	37.616
0.66157	72.987	37.578
0.78582	74.432	37.508
0.73251	75.943	37.391
0.75516	77.537	37.261
0.85619	0.85682	40.291
0.73593	2.1383	39.349
0.80107	3.4977	38.632
0.75997	5.4448	38.627
0.85709	7.0277	38.287
0.71588	8.5957	38.222
0.69819	10.061	38.396
0.77383	11.7	38.47
0.63489	13.068	38.129
0.69836	14.394	38.237
0.70642	15.777	38.47
0.6914	17.105	38.891
0.62306	18.383	39.17
0.64444	19.616	38.894
0.72071	22.074	39.173
0.66246	23.425	38.907
0.65427	25.073	37.749
0.6426	25.89	38.756
0.73503	27.577	38.796
0.64867	28.896	38.383
0.70286	30.243	38.294
0.76586	31.874	38.229
0.67539	33.424	37.934
0.70084	34.428	39.158
0.72169	35.819	38.861
0.70275	37.205	38.533
0.64372	38.56	38.29
0.76805	40.473	37.999
0.76778	41.966	38.344
0.77713	43.423	37.843
0.62249	44.71	37.295
0.64497	45.973	37.353
0.69785	47.549	38.08
0.64082	48.763	37.522
0.70786	49.996	38.066
0.58869	51.228	38.468
0.63456	52.393	38.096
0.69405	54.042	38.819
0.7322	55.288	39.509
0.7048	56.668	39.115
0.70448	58.474	39.319
0.6464	59.368	38.314
0.69628	60.701	38.401
0.65328	62.12	38.381
0.77616	63.544	38.489
0.85707	65.174	38.429
0.59555	66.436	39.143
0.74651	67.752	38.913
0.72715	69.218	38.979
0.66769	70.947	39.007
0.75709	72.367	38.93
0.68303	73.802	38.833
0.77417	75.257	38.827
0.82073	76.838	38.656
0.7251	0.72354	41.861
0.84626	2.3464	41.126
0.61088	3.3007	40.027
0.70319	4.6118	39.827
0.81649	6.4308	39.846
0.65146	7.8638	39.541
0.6909	9.2019	39.484
0.75074	10.761	39.664
0.61579	12.121	39.791
0.77792	13.496	39.471
0.53317	14.908	39.349
0.81776	16.086	40.002
0.66951	17.561	40.167
0.65295	19.223	40.125
0.84367	20.7	39.913
0.58529	22.043	40.47
0.68937	23.297	40.251
0.58824	24.671	38.92
0.64474	25.372	39.929
0.7262	26.74	39.992
0.68631	28.733	39.704
0.51396	29.907	39.463
0.63798	31.053	39.359
0.76862	32.968	39.301
0.7703	33.899	40.525
0.57342	35.326	40.058
0.66731	36.766	39.867
0.75496	38.165	39.629
0.73423	39.589	39.206
0.80369	41.51	39.844
0.60104	42.907	39.336
0.67529	44.159	39.091
0.59179	45.214	38.395
0.56103	46.36	38.491
0.63623	47.145	39.389
0.81519	48.771	38.971
0.62349	50.146	39.383
0.63979	51.366	39.684
0.75383	52.736	39.44
0.76935	54.005	40.28
0.70217	57.46	40.277
0.69896	58.801	40.683
0.79894	59.927	39.677
0.74486	61.465	39.615
0.82962	62.985	39.993
0.58427	64.334	39.594
0.59502	65.481	39.847
0.7078	67.151	40.234
0.76477	68.617	40.343
0.74216	70.108	40.138
0.78305	71.623	40.288
0.8564	73.258	40.272
0.63198	74.734	40.129
0.79872	76.159	40.112
0.85789	77.809	40.017
0.64189	0.64325	43.383
0.78788	1.9557	42.712
0.72546	4.041	41.136
0.75956	5.5224	41.13
0.7423	7.1487	41.221
0.63294	8.4196	40.698
0.73469	9.7835	40.775
0.6295	11.467	40.85
0.85896	12.947	41.01
0.64582	14.52	40.456
0.5656	15.452	41.228
0.83081	16.826	41.477
0.73934	18.435	41.263
0.64203	19.814	41.275
0.70458	21.151	41.391
0.62303	22.732	41.456
0.65695	24.009	41.391
0.66415	25.318	41.229
0.66188	26.632	41.374
0.75527	27.973	40.924
0.72876	29.457	40.919
0.73363	30.904	40.714
0.7534	32.388	40.704
0.63013	34.705	41.666
0.85069	36.119	41.238
0.5864	37.568	40.824
0.71921	38.75	41.374
0.81808	40.111	40.663
0.73011	41.484	41.375
0.81433	42.897	40.751
0.69238	44.37	40.438
0.8323	45.716	39.725
0.71657	46.781	40.846
0.70343	48.098	40.324
0.73005	49.505	40.569
0.67571	52.139	40.737
0.76905	53.268	41.623
0.77657	54.801	41.752
0.80226	56.068	40.821
0.78636	57.677	41.744
0.66502	60.091	41.127
0.72067	61.473	41.076
0.62409	62.77	41.427
0.84544	64.306	41.02
0.81097	65.956	41.165
0.76667	67.855	41.669
0.78048	69.424	41.661
0.56629	70.718	41.287
0.5911	71.816	41.648
0.68177	73.077	41.795
0.74338	74.458	41.474
0.71996	75.91	41.595
0.72466	77.35	41.606
0.74726	0.74927	44.772
0.66599	2.0187	44.156
0.70433	3.4117	42.414
0.69447	4.8096	42.398
0.72322	6.2259	42.431
0.7139	7.6507	42.579
0.79629	9.0868	42.13
0.60762	10.657	41.784
0.66508	11.885	42.1
0.70971	14.305	41.786
0.63355	15.484	42.423
0.72742	16.652	43.113
0.66454	17.916	42.555
0.64003	19.208	42.403
0.70386	20.525	42.648
0.70296	21.96	42.536
0.7372	23.392	42.639
0.69338	24.808	42.479
0.58376	26.085	42.493
0.7105	27.603	42.339
0.66822	28.973	42.229
0.73261	30.361	42.067
0.58285	31.651	41.814
0.72893	33.277	41.888
0.65957	34.255	42.871
0.54619	35.529	42.503
0.81772	37.465	42.217
0.70531	38.762	43.011
0.72887	39.939	42.197
0.75837	41.272	42.847
0.7257	42.632	42.267
0.76673	44.059	41.858
0.73581	45.53	41.577
0.62626	46.731	42.215
0.65982	47.886	41.663
0.65145	49.167	41.903
0.70056	50.82	41.123
0.73471	51.854	42.117
0.67051	53.693	42.989
0.64778	54.995	43.159
0.80663	56.237	42.414
0.67838	59.108	42.038
0.71708	60.434	42.462
0.74789	61.892	42.478
0.65358	63.638	42.36
0.76094	65.047	42.442
0.82129	66.612	42.654
0.65425	68.018	43.08
0.7901	69.447	43.243
0.76534	70.857	42.604
0.73938	72.308	42.98
0.55304	73.758	42.824
0.81815	75.131	42.911
0.66506	76.609	42.781
0.59128	77.863	42.817
0.80921	0.80729	46.397
0.81759	3.3168	44.868
0.68201	4.1144	43.604
0.68585	5.4778	43.621
0.68926	6.8477	43.727
0.67435	8.2054	43.842
0.69883	9.541	43.548
0.60959	10.721	42.994
0.72126	13.16	42.64
0.57554	14.393	43.062
0.63082	15.426	43.683
0.69123	16.8	44.52
0.70687	18.053	43.913
0.80439	19.556	43.802
0.62089	21.329	43.694
0.67447	22.613	43.815
0.69786	23.974	43.944
0.731	25.386	43.772
0.77659	26.876	43.63
0.79243	28.437	43.587
0.81064	30.034	43.568
0.63839	31.364	42.999
0.67705	32.668	43.153
0.85943	33.706	44.283
0.62031	35.276	43.64
0.61228	36.436	43.223
0.6225	37.596	43.642
0.72926	40.036	43.67
0.74278	41.421	44.335
0.7707	42.812	43.75
0.78653	44.321	43.384
0.67827	45.742	43.056
0.72657	47.802	43.042
0.66715	49.184	43.219
0.75652	50.424	42.525
0.72149	51.503	43.526
0.64263	52.799	43.942
0.66276	54.219	44.211
0.74279	55.71	44.345
0.67708	56.968	43.697
0.7235	58.246	43.14
0.67858	59.578	43.56
0.63363	61.121	43.624
0.7448	62.916	43.553
0.60248	64.259	43.552
0.76862	65.592	43.868
0.62128	67.03	44.035
0.71734	68.458	44.376
0.79664	70.012	44.725
0.68922	71.295	43.986
0.77488	72.68	44.441
0.74953	74.162	44.134
0.67504	75.566	44.338
0.75467	76.979	44.144
0.63948	2.0431	47.143
0.67047	1.9688	45.488
0.69139	4.3022	46.008
0.64699	4.7751	44.757
0.65157	6.0703	44.817
0.81884	7.4998	45.149
0.82258	9.1338	45.01
0.63143	10.677	44.232
0.62913	11.889	43.392
0.61151	12.986	43.958
0.71868	14.256	44.344
0.70264	15.504	45.011
0.69193	17.505	45.706
0.68948	18.753	45.115
0.70713	20.658	44.83
0.70507	22.044	45.07
0.71721	23.45	45.254
0.65064	24.792	45.012
0.7163	26.199	44.967
0.73181	27.645	44.922
0.75627	29.129	44.971
0.59371	30.475	44.893
0.76538	31.722	44.354
0.59303	32.684	45.309
0.58997	35.045	44.827
0.51601	36.135	44.382
0.66341	37.213	44.859
0.84667	38.738	44.561
0.7101	40.195	45.1
0.54989	41.353	45.626
0.69987	42.571	45.199
0.67151	43.869	44.765
0.76035	45.473	44.469
0.63402	46.746	43.896
0.82649	48.387	44.477
0.8973	50.166	44.435
0.75791	51.843	44.961
0.70036	53.279	45.193
0.84726	54.761	45.616
0.61055	56.217	45.596
0.65375	57.314	44.976
0.66839	58.6	44.486
0.6824	60.266	44.728
0.61954	61.561	44.797
0.76238	62.913	45.051
0.78954	64.452	44.929
0.72297	65.906	45.319
0.7787	67.393	45.423
0.76527	68.883	45.794
0.77273	70.327	46.305
0.85036	71.876	45.841
0.60291	73.317	45.66
0.6685	74.75	45.421
0.6794	76.359	45.433
0.75937	77.794	45.413
0.65306	0.8364	47.86
0.64358	3.0012	46.291
0.74274	4.8538	47.331
0.72579	5.7097	46.142
0.63276	7.0132	46.509
0.70012	8.342	46.413
0.81294	9.8531	46.471
0.60581	10.84	45.455
0.6763	11.895	44.695
0.72819	13.167	45.282
0.77812	14.459	46.052
0.69352	16.214	46.206
0.78119	18.684	46.582
0.5956	19.824	45.818
0.74745	21.136	46.202
0.70956	22.579	46.379
0.70829	23.979	46.576
0.80204	25.459	46.291
0.54859	26.85	46.052
0.64708	28.03	46.242
0.62081	30.021	46.017
0.7858	31.431	45.877
0.70676	32.996	46.568
0.70536	34.166	45.778
0.69881	36.074	45.595
0.71768	38.041	45.957
0.77964	39.466	46.391
0.78196	40.917	46.961
0.66466	42.294	46.531
0.63053	43.603	46.037
0.61352	44.788	45.66
0.6176	45.867	46.245
0.78525	46.903	45.303
0.61227	48.167	45.893
0.74528	49.519	45.943
0.73576	50.977	46.167
0.72448	52.427	46.329
0.58117	53.708	46.577
0.65993	55.724	46.763
0.75571	57.13	46.611
0.63349	58.274	45.823
0.64802	59.55	45.844
0.68316	60.876	45.95
0.72405	62.221	46.356
0.63181	63.573	46.275
0.75921	64.951	46.446
0.81144	66.493	46.733
0.58784	67.888	46.709
0.64327	69.018	47.19
0.69365	70.22	47.764
0.74061	71.602	47.402
0.67308	72.932	46.936
0.60481	74.141	46.538
0.80439	75.537	46.662
0.68308	77.019	46.623
0.7684	0.75997	49.307
0.7645	2.0846	48.543
0.78666	3.3636	47.668
0.72205	6.283	47.646
0.59657	7.5998	47.582
0.74581	8.8107	48.153
0.6693	10.197	47.903
0.66715	11.364	47.262
0.6929	11.986	46.06
0.60409	13.196	46.607
0.72585	14.16	47.52
0.53891	15.339	47.07
0.70539	17.295	47.086
0.63602	19.119	47.929
0.64123	20.028	47.031
0.72487	21.755	47.547
0.65111	23.128	47.637
0.78626	24.852	47.785
0.70409	26.315	47.517
0.71069	27.724	47.562
0.78949	29.157	47.129
0.64458	30.589	47.144
0.61529	31.842	47.208
0.7538	33.969	47.653
0.77758	35.237	46.804
0.78056	36.848	46.853
0.74995	38.313	47.395
0.73318	39.713	47.877
0.66082	42.063	47.836
0.75075	43.405	47.401
0.60358	44.651	46.869
0.72707	45.782	47.584
0.81553	47.149	46.884
0.71657	48.66	47.124
0.7141	50.076	47.297
0.80326	51.566	47.585
0.64734	53.016	47.588
0.72574	54.583	47.548
0.80784	56.006	48.192
0.70815	57.512	48.048
0.63394	58.436	47.076
0.71592	59.778	47.185
0.7017	61.184	47.325
0.68918	62.51	47.735
0.77848	63.971	47.625
0.71327	65.445	47.836
0.70852	67.193	48.079
0.80436	68.618	48.577
0.70158	70.011	49.136
0.75575	71.441	48.883
0.66782	72.719	48.258
0.78296	74.13	47.926
0.76759	75.652	48.222
0.84804	77.26	48.13
0.68208	0.73603	50.755
0.76196	2.1183	50.125
0.59191	3.2015	49.309
0.75565	4.4344	48.765
0.78352	5.9283	49.106
0.80266	7.5026	48.974
0.64877	10.113	49.212
0.72696	11.367	48.653
0.79236	12.677	47.897
0.54707	13.733	48.711
0.81609	16.191	48.122
0.74273	17.834	48.428
0.56123	19.324	49.107
0.80544	20.484	48.392
0.84064	22.401	48.971
0.7432	23.981	49.038
0.7242	25.441	49.174
0.82148	26.959	48.89
0.79596	28.572	48.803
0.70855	30.006	48.361
0.56744	31.274	48.244
0.63849	32.669	48.138
0.69241	34.815	48.82
0.71755	36.005	48.083
0.7599	37.388	48.584
0.78092	38.833	49.105
0.73898	40.347	49.198
0.65269	41.73	49.105
0.78388	43.148	48.912
0.73233	44.545	48.34
0.61147	45.701	49.021
0.80033	47.008	48.492
0.63647	48.61	48.472
0.72317	49.944	48.725
0.56436	51.216	48.899
0.66598	52.438	48.765
0.73041	53.833	48.796
0.61643	55.091	49.275
0.72342	56.727	49.535
0.62655	58.061	49.401
0.73494	58.921	48.351
0.73134	60.375	48.502
0.67662	61.795	48.896
0.7726	63.251	48.991
0.70667	64.723	49.095
0.73795	66.165	49.093
0.77779	67.537	49.725
0.67958	68.959	50.023
0.73026	70.51	50.47
0.62815	72.235	50.009
0.69815	73.423	49.427
0.70745	74.825	49.433
0.72734	76.457	49.48
0.68255	77.917	49.511
0.58936	0.5832	52.026
0.71942	1.8285	51.629
0.65993	3.1787	51.374
0.81825	4.1923	50.31
0.66001	5.6513	50.517
0.78107	7.1474	50.513
0.66904	8.8455	49.567
0.71853	11.253	50.087
0.8036	12.644	49.493
0.85948	15.002	49.293
0.72136	16.849	49.511
0.73007	18.263	49.834
0.69822	19.686	50.312
0.75812	21.058	49.833
0.65359	22.134	50.734
0.58943	23.229	50.139
0.78799	24.608	50.433
0.69165	26.405	50.296
0.76429	27.856	50.187
0.76324	29.378	50.134
0.64709	30.655	49.546
0.71502	31.991	49.305
0.755	33.456	49.28
0.74913	35.908	49.747
0.70659	37.329	50.045
0.62476	38.579	50.484
0.76781	39.954	50.648
0.55375	41.185	50.179
0.76279	42.489	50.309
0.70137	43.792	50.967
0.66727	44.351	49.721
0.80665	46.592	50.121
0.66691	47.965	49.6
0.66569	49.253	49.925
0.67721	50.591	49.967
0.57701	51.836	49.851
0.61323	53.02	49.902
0.68113	54.257	50.261
0.734	55.649	50.504
0.61567	56.952	50.853
0.77653	58.341	50.775
0.68275	59.328	49.705
0.80767	60.783	49.98
0.78925	62.347	50.254
0.83293	63.958	50.43
0.64915	65.428	50.266
0.54569	66.568	50.619
0.63059	68.103	51.013
0.62146	69.403	51.242
0.58797	70.48	51.785
0.76373	71.743	51.305
0.75219	73.247	50.943
0.6809	74.673	50.806
0.7362	76.085	50.89
0.64102	77.454	50.749
0.62642	1.0744	53.137
0.6897	2.3718	52.926
0.64436	3.6562	52.582
0.78625	4.833	51.778
0.67604	6.2878	51.685
0.68009	7.5938	52.019
0.5862	8.4869	50.778
0.7888	9.851	50.618
0.66942	12.351	50.934
0.73609	13.871	50.418
0.80913	15.883	50.697
0.67203	17.342	50.886
0.66122	18.638	51.171
0.66848	20.86	51.24
0.72396	21.951	52.098
0.70825	23.285	51.445
0.64397	24.564	51.86
0.6597	25.815	51.51
0.71345	27.183	51.495
0.74769	28.641	51.475
0.73448	30.117	51.431
0.80741	31.487	50.736
0.64365	32.925	50.563
0.74316	34.532	50.323
0.63483	36.419	51.028
0.61319	37.671	51.319
0.71196	38.929	51.771
0.63457	40.29	52.003
0.71732	41.5	51.408
0.6582	42.789	51.881
0.6414	44.588	52.041
0.73694	45.221	50.82
0.68524	47.267	51.45
0.58694	48.351	50.789
0.80281	49.87	51.254
0.65064	51.032	52.121
0.69919	51.927	51.119
0.70475	53.317	51.278
0.70813	54.695	51.574
0.66344	56.111	51.823
0.81064	57.55	52.146
0.60764	58.966	52.084
0.68469	59.771	51.074
0.71019	61.298	51.401
0.76035	62.724	51.747
0.59854	64.078	51.854
0.81193	65.744	51.691
0.64377	67.184	51.895
0.73996	68.559	52.305
0.7346	69.919	52.98
0.74189	71.377	52.763
0.71693	72.774	52.36
0.69426	74.149	52.07
0.53132	75.359	51.925
0.79777	76.622	52.324
0.69386	78.055	51.94
0.67064	0.67004	54.369
0.71497	2.0407	54.286
0.73545	3.4391	53.939
0.56696	4.5904	53.348
0.6782	5.7493	52.919
0.61209	7.0096	53.169
0.85323	9.1178	52.071
0.76343	10.576	52.754
0.64753	11.036	51.428
0.7117	13.401	51.832
0.62961	14.698	51.501
0.85044	16.149	52.33
0.7393	17.734	52.239
0.8261	19.713	52.19
0.76679	22.052	53.583
0.58817	23.099	52.726
0.53361	24.189	52.972
0.71685	25.437	52.898
0.67211	26.821	52.827
0.69882	28.187	52.845
0.63703	29.509	52.656
0.76289	31.331	52.298
0.55149	32.475	51.662
0.75133	33.775	51.666
0.80951	35.306	51.945
0.7344	36.796	52.339
0.64538	38.082	52.832
0.79559	39.479	53.173
0.70029	41.139	53.028
0.6012	42.435	53.089
0.61848	43.625	52.843
0.76036	45.982	52.107
0.72088	47.255	52.854
0.78019	48.562	52.135
0.73864	49.875	52.888
0.71384	51.202	53.468
0.66735	52.429	52.39
0.67534	53.757	52.585
0.78867	55.179	52.982
0.67199	56.606	53.283
0.59805	57.952	53.493
0.71145	59.255	53.37
0.7101	60.269	52.377
0.62385	61.694	52.671
0.6594	63.461	52.949
0.73191	64.846	52.939
0.65313	66.199	53.209
0.62916	67.472	53.134
0.74765	68.68	53.785
0.67895	69.693	54.786
0.74265	70.976	54.187
0.69512	72.359	53.81
0.74762	73.749	53.446
0.59761	75.038	53.007
0.69908	76.132	53.732
0.61775	77.626	53.319
0.5751	0.5713	55.609
0.71887	1.7806	56.071
0.72568	3.0186	55.334
0.67026	4.6883	54.58
0.7392	6.2104	54.256
0.65545	8.2637	53.305
0.54452	9.4558	53.424
0.7127	11.765	53.615
0.68429	12.074	52.258
0.70292	13.125	53.219
0.77013	14.582	52.891
0.69408	15.722	53.809
0.71432	17.122	53.555
0.74824	18.685	53.378
0.72633	20.564	53.481
0.64666	23.423	53.917
0.62573	24.69	54.011
0.71823	26.241	54.084
0.73161	27.662	54.346
0.74921	29.088	53.973
0.76774	30.556	53.614
0.58661	31.903	53.516
0.66507	32.913	52.788
0.88177	34.242	53.562
0.70078	35.803	53.37
0.64864	37.107	53.681
0.76339	38.379	54.27
0.69768	40.491	54.263
0.69963	41.88	54.264
0.68557	43.247	54.086
0.68513	44.827	53.343
0.60582	46.104	53.508
0.70743	47.215	54.275
0.7831	48.587	53.697
0.80104	49.994	54.422
0.72197	51.885	54.721
0.73675	52.963	53.746
0.69173	54.321	54.185
0.73353	55.743	54.389
0.70627	57.172	54.538
0.73123	58.6	54.652
0.71519	60.035	54.752
0.66569	60.836	53.63
0.64211	62.412	53.71
0.64981	64.089	54.089
0.64211	65.374	54.205
0.76612	67.036	54.459
0.75356	68.339	55.241
0.7167	69.479	56.164
0.70984	70.798	55.625
0.68563	72.114	55.167
0.68583	73.445	54.842
0.72418	74.873	54.381
0.76954	76.094	55.234
0.50279	77.164	54.339
0.71182	0.71665	58.449
0.65077	0.64655	56.831
0.68388	3.0256	56.739
0.80127	4.3476	56.073
0.61161	5.6148	55.463
0.6061	7.5519	54.341
0.76098	10.447	54.269
0.70668	11.567	55.215
0.6315	12.72	54.545
0.8198	14.157	54.418
0.55153	15.387	55.004
0.68793	16.616	54.861
0.73972	18.034	54.711
0.80303	19.574	54.646
0.81753	21.172	54.895
0.72159	22.674	55.214
0.61491	23.996	55.039
0.73295	25.33	55.202
0.73621	26.767	55.505
0.58741	28.802	55.275
0.73781	30.108	55.049
0.69521	31.504	54.727
0.71761	32.873	54.384
0.78493	34.121	55.22
0.73013	35.569	54.781
0.63893	36.926	54.953
0.58625	37.99	55.559
0.78374	39.485	55.339
0.76989	41.183	55.556
0.70331	42.704	55.399
0.80077	44.542	54.798
0.63061	45.964	54.735
0.7405	46.939	55.694
0.61856	48.275	55.063
0.76452	49.361	55.913
0.72862	50.829	55.7
0.77528	53.286	55.222
0.79928	54.806	55.594
0.75695	56.352	55.746
0.74598	57.842	55.915
0.59081	59.255	55.799
0.69547	60.522	56.074
0.85459	61.587	54.952
0.61311	63.044	54.793
0.76512	64.449	55.45
0.71792	65.926	55.444
0.56373	67.151	55.79
0.59484	68.241	56.586
0.73443	69.265	57.599
0.66419	70.585	56.98
0.7071	71.879	56.538
0.6244	73.137	56.112
0.78995	74.523	55.847
0.55253	75.692	56.503
0.58198	76.817	56.372
0.58463	77.437	55.387
0.79884	0.80319	59.967
0.74339	1.8458	57.532
0.63439	4.5965	57.486
0.66234	5.6489	56.735
0.72399	6.9447	55.52
0.72105	8.8637	54.539
0.67695	9.8185	55.556
0.71166	10.878	56.45
0.69901	13.19	55.783
0.68048	14.563	55.919
0.68829	15.981	56.081
0.74238	17.407	56.05
0.74454	18.891	56.032
0.67705	20.309	56.113
0.7753	21.736	56.379
0.66652	23.116	56.777
0.70868	24.399	56.299
0.70211	25.784	56.552
0.68458	27.98	56.243
0.88917	29.519	56.565
0.76899	31.142	56.139
0.74293	32.617	55.82
0.63161	33.757	56.584
0.73658	35.256	56.232
0.78756	36.774	56.368
0.64746	38.146	56.78
0.76746	39.553	56.877
0.67925	40.991	56.989
0.77958	42.441	56.858
0.82052	43.936	56.295
0.75204	45.486	56.031
0.62016	46.482	56.974
0.77419	48.053	56.712
0.65555	50.302	56.975
0.62483	51.623	56.789
0.62518	52.847	56.548
0.58767	54.042	56.75
0.6696	55.495	56.883
0.74596	56.878	57.152
0.62369	58.236	57.222
0.69842	59.539	57.057
0.71398	60.89	57.443
0.6608	61.825	56.444
0.70251	63.138	56.102
0.66193	64.268	56.859
0.64997	65.572	56.764
0.79471	66.966	57.129
0.76772	67.901	58.378
0.68682	69.193	59.039
0.84379	70.61	58.479
0.77213	72.999	57.5
0.77871	74.542	57.408
0.64708	75.939	57.675
0.68071	77.257	57.551
0.7036	0.75692	61.463
0.81091	2.1122	59.056
0.75757	3.3714	58.135
0.65249	5.5957	58.294
0.64008	6.9365	56.88
0.77586	8.3783	55.95
0.72476	9.5212	56.919
0.68545	10.604	57.816
0.71038	12.248	56.83
0.67386	13.654	57.068
0.81528	15.12	57.306
0.60061	16.665	57.167
0.84371	18.07	57.486
0.70009	19.598	57.289
0.71472	20.963	57.645
0.66354	23.062	58.103
0.79032	24.482	57.794
0.73859	26.001	57.963
0.60211	26.985	57.053
0.6738	28.377	57.63
0.77955	30.793	57.638
0.6692	32.157	57.155
0.81852	33.391	57.982
0.57326	34.648	57.391
0.66631	35.877	57.509
0.76939	37.261	57.881
0.64246	38.666	57.968
0.74694	40.011	58.31
0.71995	41.472	58.3
0.66919	43.59	57.738
0.77317	45.005	57.476
0.66814	46.226	58.235
0.68076	47.561	58.073
0.80996	49.139	57.864
0.65343	50.573	58.251
0.68637	51.899	58.066
0.72616	53.285	57.823
0.61074	54.616	57.802
0.71836	55.878	58.215
0.68577	57.247	58.535
0.71797	58.651	58.491
0.62554	59.99	58.434
0.66578	61.235	58.773
0.63296	62.215	57.675
0.65089	63.478	57.9
0.80476	64.906	58.174
0.74448	66.402	58.554
0.74285	67.023	59.898
0.65319	68.396	60.111
0.81297	71.204	60.02
0.76022	72.18	58.788
0.65144	73.717	58.728
0.76459	75.13	58.829
0.72445	76.618	58.866
0.83485	78.172	58.752
0.69401	2.1767	60.553
0.64448	3.4838	59.532
0.69928	4.8189	59.398
0.73548	6.9804	58.254
0.71842	8.1724	57.426
0.70865	9.2694	58.324
0.74289	10.397	59.224
0.69563	11.707	58.642
0.58602	12.809	57.998
0.7205	14.049	58.402
0.83577	16.224	58.528
0.74921	17.722	59.039
0.72018	19.133	58.628
0.63427	20.472	58.898
0.74244	21.845	58.801
0.70292	23.794	59.253
0.67987	25.162	59.097
0.55578	27.275	58.171
0.78037	28.2	59.128
0.67432	29.521	58.343
0.71098	31.976	58.543
0.78471	33.175	59.568
0.68801	34.69	58.734
0.76957	36.132	58.92
0.65038	37.496	59.3
0.77487	38.916	59.36
0.64453	40.299	59.664
0.72419	41.657	59.807
0.73926	42.797	58.894
0.74049	44.272	58.971
0.66166	45.601	59.405
0.66395	47.022	59.303
0.70998	48.39	59.184
0.61635	49.715	59.185
0.64084	51.363	59.273
0.77496	52.778	59.233
0.78592	54.335	59.165
0.72731	55.765	59.651
0.607	57.155	59.824
0.75391	58.516	59.951
0.81291	60.09	59.869
0.75592	61.667	60.121
0.73495	62.619	58.981
0.69455	63.995	59.361
0.73265	65.394	59.63
0.71115	66.011	60.933
0.68373	68.824	61.373
0.69521	69.726	60.313
0.74756	70.605	61.455
0.71707	72.723	60.157
0.79892	74.233	60.106
0.8541	75.875	60.259
0.6856	77.397	60.059
0.62429	2.023	61.855
0.8161	3.6234	60.983
0.63117	5.068	60.704
0.75026	6.26	59.552
0.72115	7.7316	59.499
0.63721	9.0785	59.652
0.81089	10.042	60.727
0.76744	11.531	60.214
0.83181	12.962	59.505
0.75929	14.99	59.538
0.58366	16.27	59.939
0.69063	18.187	60.398
0.79897	19.635	60.056
0.73989	21.169	60.119
0.71239	22.617	60.03
0.75182	24.682	60.439
0.81674	26.627	59.381
0.65231	27.562	60.509
0.58761	29.473	59.604
0.7187	30.676	59.121
0.63236	31.792	59.873
0.73273	34.024	60.823
0.68509	35.182	60.014
0.69254	36.523	60.329
0.84614	38.015	60.703
0.62554	39.485	60.638
0.68498	40.769	60.899
0.75937	42.227	61.176
0.76366	43.433	60.248
0.64307	44.823	60.451
0.69084	46.391	60.498
0.68926	47.765	60.434
0.69712	49.146	60.366
0.68207	50.521	60.286
0.76139	51.968	60.535
0.71172	53.676	60.504
0.63734	54.996	60.778
0.66951	56.392	60.892
0.69465	57.725	61.16
0.71581	59.311	61.184
0.71609	60.738	61.254
0.73622	62.394	61.418
0.60717	63.049	60.25
0.62262	64.446	60.598
0.6989	65.151	62.043
0.75571	66.59	62.278
0.65118	67.501	61.206
0.72481	72.075	61.445
0.64741	73.439	61.312
0.67832	75.045	61.545
0.78347	76.59	61.726
0.77073	78.13	61.547
0.72842	3.2234	62.473
0.80585	4.7845	62.111
0.71916	6.1708	61.482
0.55249	7.0615	60.579
0.84617	8.4031	60.97
0.71842	9.865	62.232
0.67146	11.233	61.624
0.61679	12.66	61.005
0.7517	13.992	60.702
0.72343	15.441	60.946
0.71869	16.875	61.086
0.5785	18.032	61.655
0.66707	19.254	61.463
0.6408	20.556	61.356
0.81646	22.009	61.427
0.6597	23.45	61.119
0.81263	26.162	60.938
0.75362	27.396	61.903
0.72155	28.906	60.777
0.80643	30.425	60.619
0.72114	32.584	60.965
0.67637	34.167	62.223
0.76921	35.386	61.45
0.7092	36.836	61.713
0.73232	38.161	62.272
0.78104	39.652	62.034
0.76979	41.177	62.287
0.6619	42.58	62.551
0.79297	43.967	61.704
0.77595	45.533	61.678
0.71454	47.017	61.798
0.70768	48.431	61.66
0.78758	49.922	61.623
0.77084	51.439	61.967
0.7107	52.888	61.682
0.76241	54.313	62.043
0.54179	55.591	61.796
0.58462	56.676	62.112
0.772	58.477	62.413
0.72461	59.967	62.465
0.74778	61.432	62.541
0.69904	63.789	61.743
0.64967	67.989	62.412
0.69262	74.056	62.493
0.72485	8.4364	62.539
0.64266	12.159	62.557
0.73994	13.462	62.094
0.72333	14.867	62.498
0.54887	16.057	62.05
0.65426	17.162	62.521
0.72709	23.147	62.47
0.81742	24.631	62.004
0.67884	26.066	62.423
0.67039	28.792	62.159
0.71544	30.172	62.114
0.62662	31.423	61.642
0.74764	32.541	62.431
